N = 16, ID set to uint
***************************************************
*************** APRIL configuration: **************
-Datasets (R & S): 		T1NA & T2NA
-Partitions: 			1
-Compression: 			no
-Data: 					polygon-polygon
-Query: 				intersection join
-Galloping: 			no
-Granularity: 			16-16
***************************************************
Pipeline: 
MBR-join -> Intermediate Filter -> Refinement Stage -> Result
***************************************************

***************************************************
Dataset sizes 123045 (T1NA) & 2252316 (T2NA) objects in the datasets.
***************************************************
Creating APRIL approximation for polygon dataset T1NA
(44275,25728),(44282,25728),(44275,25729),(44285,25729),(44275,25730),(44285,25730),(44275,25731),(44286,25731),(44276,25732),(44286,25732),(44276,25733),(44287,25733),(44276,25734),(44287,25734),(44276,25735),(44288,25735),(44276,25736),(44288,25736),(44276,25737),(44288,25737),(44277,25738),(44288,25738),(44277,25739),(44287,25739),(44277,25740),(44287,25740),(44277,25741),(44285,25741),(44287,25741),(44276,25742),(44284,25742),(44285,25742),(44276,25743),(44284,25743),(44276,25744),(44283,25744),(44275,25745),(44283,25745),(44274,25746),(44283,25746),(44274,25747),(44282,25747),(44273,25748),(44284,25748),(44273,25749),(44283,25749),(44273,25750),(44283,25750),(44273,25751),(44282,25751),(44273,25752),(44282,25752),(44273,25753),(44281,25753),(44272,25754),(44281,25754),(44272,25755),(44280,25755),(44271,25756),(44280,25756),(44271,25757),(44280,25757),(44271,25758),(44279,25758),(44270,25759),(44279,25759),(44270,25760),(44278,25760),(44269,25761),(44277,25761),(44269,25762),(44276,25762),(44268,25763),(44276,25763),(44268,25764),(44276,25764),(44268,25765),(44275,25765),(44268,25766),(44275,25766),(44269,25767),(44276,25767),(44269,25768),(44276,25768),(44269,25769),(44276,25769),(44269,25770),(44276,25770),(44270,25771),(44276,25771),(44270,25772),(44276,25772),(44270,25773),(44277,25773),(44270,25774),(44277,25774),(44271,25775),(44278,25775),(44271,25776),(44278,25776),(44271,25777),(44278,25777),(44272,25778),(44282,25778),(44272,25779),(44284,25779),(44272,25780),(44284,25780),(44273,25781),(44285,25781),(44273,25782),(44286,25782),(44274,25783),(44287,25783),(44274,25784),(44287,25784),(44273,25785),(44287,25785),(44273,25786),(44288,25786),(44275,25787),(44278,25787),(44288,25787),(44275,25788),(44278,25788),(44281,25788),(44289,25788),(44276,25789),(44277,25789),(44281,25789),(44289,25789),(44282,25790),(44290,25790),(44282,25791),(44291,25791),(44283,25792),(44292,25792),(44283,25793),(44293,25793),(44284,25794),(44293,25794),(44284,25795),(44294,25795),(44285,25796),(44295,25796),(44285,25797),(44296,25797),(44286,25798),(44296,25798),(44286,25799),(44296,25799),(44287,25800),(44296,25800),(44287,25801),(44296,25801),(44288,25802),(44296,25802),(44288,25803),(44296,25803),(44288,25804),(44296,25804),(44288,25805),(44297,25805),(44289,25806),(44297,25806),(44289,25807),(44297,25807),(44289,25808),(44298,25808),(44290,25809),(44298,25809),(44290,25810),(44298,25810),(44290,25811),(44298,25811),(44290,25812),(44298,25812),(44290,25813),(44298,25813),(44291,25814),(44298,25814),(44291,25815),(44298,25815),(44290,25816),(44298,25816),(44290,25817),(44298,25817),(44291,25818),(44298,25818),(44290,25819),(44298,25819),(44290,25820),(44298,25820),(44290,25821),(44298,25821),(44290,25822),(44298,25822),(44291,25823),(44298,25823),(44291,25824),(44297,25824),(44291,25825),(44297,25825),(44291,25826),(44298,25826),(44291,25827),(44298,25827),(44291,25828),(44298,25828),(44291,25829),(44298,25829),(44291,25830),(44298,25830),(44291,25831),(44299,25831),(44291,25832),(44299,25832),(44291,25833),(44300,25833),(44291,25834),(44300,25834),(44291,25835),(44300,25835),(44292,25836),(44301,25836),(44292,25837),(44301,25837),(44292,25838),(44302,25838),(44292,25839),(44302,25839),(44292,25840),(44302,25840),(44292,25841),(44302,25841),(44292,25842),(44302,25842),(44292,25843),(44302,25843),(44292,25844),(44302,25844),(44292,25845),(44293,25845),(44295,25845),(44302,25845),(44295,25846),(44302,25846),(44296,25847),(44302,25847),(44296,25848),(44302,25848),(44296,25849),(44302,25849),(44296,25850),(44302,25850),(44296,25851),(44302,25851),(44296,25852),(44302,25852),(44296,25853),(44302,25853),(44295,25854),(44302,25854),(44295,25855),(44302,25855),(44295,25856),(44302,25856),(44294,25857),(44301,25857),(44294,25858),(44301,25858),(44293,25859),(44301,25859),(44293,25860),(44300,25860),(44293,25861),(44300,25861),(44292,25862),(44300,25862),(44292,25863),(44299,25863),(44292,25864),(44300,25864),(44292,25865),(44300,25865),(44292,25866),(44300,25866),(44291,25867),(44301,25867),(44290,25868),(44301,25868),(44290,25869),(44301,25869),(44289,25870),(44301,25870),(44289,25871),(44301,25871),(44289,25872),(44300,25872),(44289,25873),(44300,25873),(44289,25874),(44300,25874),(44289,25875),(44300,25875),(44292,25876),(44300,25876),(44292,25877),(44300,25877),(44292,25878),(44300,25878),(44292,25879),(44300,25879),(44287,25880),(44292,25880),(44300,25880),(44287,25881),(44300,25881),(44286,25882),(44300,25882),(44286,25883),(44300,25883),(44285,25884),(44300,25884),(44285,25885),(44300,25885),(44285,25886),(44300,25886),(44285,25887),(44300,25887),(44285,25888),(44300,25888),(44285,25889),(44300,25889),(44284,25890),(44300,25890),(44284,25891),(44299,25891),(44286,25892),(44298,25892),(44286,25893),(44297,25893),(44286,25894),(44293,25894),(44296,25894),(44286,25895),(44293,25895),(44286,25896),(44293,25896),(44286,25897),(44293,25897),(44286,25898),(44293,25898),(44286,25899),(44293,25899),(44286,25900),(44293,25900),(44286,25901),(44293,25901),(44286,25902),(44294,25902),(44286,25903),(44295,25903),(44286,25904),(44295,25904),(44286,25905),(44296,25905),(44286,25906),(44296,25906),(44286,25907),(44296,25907),(44285,25908),(44296,25908),(44285,25909),(44296,25909),(44287,25910),(44296,25910),(44287,25911),(44297,25911),(44287,25912),(44297,25912),(44287,25913),(44297,25913),(44287,25914),(44298,25914),(44287,25915),(44298,25915),(44287,25916),(44298,25916),(44287,25917),(44299,25917),(44282,25918),(44284,25918),(44299,25918),(44282,25919),(44299,25919),(44282,25920),(44299,25920),(44282,25921),(44292,25921),(44294,25921),(44299,25921),(44282,25922),(44292,25922),(44294,25922),(44299,25922),(44282,25923),(44291,25923),(44294,25923),(44299,25923),(44282,25924),(44291,25924),(44294,25924),(44298,25924),(44282,25925),(44290,25925),(44294,25925),(44299,25925),(44282,25926),(44290,25926),(44294,25926),(44299,25926),(44282,25927),(44289,25927),(44294,25927),(44299,25927),(44282,25928),(44288,25928),(44294,25928),(44299,25928),(44282,25929),(44287,25929),(44294,25929),(44299,25929),(44282,25930),(44287,25930),(44294,25930),(44300,25930),(44282,25931),(44287,25931),(44294,25931),(44301,25931),(44282,25932),(44287,25932),(44295,25932),(44301,25932),(44282,25933),(44287,25933),(44295,25933),(44302,25933),(44282,25934),(44287,25934),(44296,25934),(44303,25934),(44282,25935),(44287,25935),(44296,25935),(44304,25935),(44282,25936),(44287,25936),(44296,25936),(44304,25936),(44311,25936),(44313,25936),(44282,25937),(44287,25937),(44296,25937),(44314,25937),(44282,25938),(44287,25938),(44296,25938),(44315,25938),(44318,25938),(44282,25939),(44287,25939),(44299,25939),(44316,25939),(44317,25939),(44321,25939),(44282,25940),(44287,25940),(44300,25940),(44316,25940),(44321,25940),(44282,25941),(44287,25941),(44300,25941),(44322,25941),(44282,25942),(44287,25942),(44301,25942),(44322,25942),(44282,25943),(44287,25943),(44301,25943),(44322,25943),(44282,25944),(44287,25944),(44302,25944),(44323,25944),(44282,25945),(44287,25945),(44302,25945),(44311,25945),(44312,25945),(44323,25945),(44330,25945),(44333,25945),(44281,25946),(44286,25946),(44302,25946),(44307,25946),(44314,25946),(44323,25946),(44329,25946),(44334,25946),(44280,25947),(44286,25947),(44302,25947),(44307,25947),(44315,25947),(44324,25947),(44329,25947),(44335,25947),(44280,25948),(44285,25948),(44302,25948),(44307,25948),(44315,25948),(44324,25948),(44328,25948),(44335,25948),(44277,25949),(44285,25949),(44302,25949),(44306,25949),(44317,25949),(44324,25949),(44328,25949),(44336,25949),(44267,25950),(44277,25950),(44285,25950),(44302,25950),(44306,25950),(44320,25950),(44324,25950),(44327,25950),(44336,25950),(44266,25951),(44268,25951),(44271,25951),(44276,25951),(44277,25951),(44284,25951),(44302,25951),(44306,25951),(44320,25951),(44324,25951),(44327,25951),(44336,25951),(44266,25952),(44274,25952),(44275,25952),(44284,25952),(44302,25952),(44306,25952),(44320,25952),(44324,25952),(44326,25952),(44336,25952),(44266,25953),(44283,25953),(44302,25953),(44306,25953),(44320,25953),(44324,25953),(44326,25953),(44336,25953),(44265,25954),(44282,25954),(44302,25954),(44306,25954),(44320,25954),(44336,25954),(44266,25955),(44281,25955),(44302,25955),(44306,25955),(44320,25955),(44337,25955),(44267,25956),(44281,25956),(44302,25956),(44306,25956),(44320,25956),(44337,25956),(44267,25957),(44281,25957),(44302,25957),(44306,25957),(44320,25957),(44332,25957),(44333,25957),(44338,25957),(44268,25958),(44281,25958),(44302,25958),(44306,25958),(44320,25958),(44329,25958),(44330,25958),(44332,25958),(44334,25958),(44338,25958),(44268,25959),(44281,25959),(44304,25959),(44306,25959),(44320,25959),(44329,25959),(44330,25959),(44332,25959),(44334,25959),(44339,25959),(44269,25960),(44280,25960),(44304,25960),(44306,25960),(44321,25960),(44328,25960),(44331,25960),(44335,25960),(44340,25960),(44269,25961),(44280,25961),(44321,25961),(44328,25961),(44335,25961),(44341,25961),(44269,25962),(44272,25962),(44278,25962),(44279,25962),(44321,25962),(44328,25962),(44335,25962),(44341,25962),(44269,25963),(44272,25963),(44322,25963),(44327,25963),(44335,25963),(44342,25963),(44269,25964),(44272,25964),(44324,25964),(44325,25964),(44336,25964),(44343,25964),(44269,25965),(44272,25965),(44336,25965),(44344,25965),(44269,25966),(44272,25966),(44337,25966),(44344,25966),(44269,25967),(44273,25967),(44338,25967),(44345,25967),(44269,25968),(44273,25968),(44339,25968),(44345,25968),(44270,25969),(44273,25969),(44339,25969),(44346,25969),(44270,25970),(44273,25970),(44339,25970),(44346,25970),(44271,25971),(44273,25971),(44339,25971),(44346,25971),(44271,25972),(44272,25972),(44339,25972),(44346,25972),(44340,25973),(44346,25973),(44340,25974),(44346,25974),(44340,25975),(44346,25975),(44340,25976),(44346,25976),(44340,25977),(44346,25977),(44340,25978),(44346,25978),(44335,25979),(44346,25979),(44335,25980),(44346,25980),(44335,25981),(44346,25981),(44335,25982),(44346,25982),(44335,25983),(44346,25983),(44335,25984),(44346,25984),(44335,25985),(44346,25985),(44335,25986),(44346,25986),(44361,25986),(44335,25987),(44347,25987),(44361,25987),(44335,25988),(44347,25988),(44361,25988),(44335,25989),(44362,25989),(44335,25990),(44362,25990),(44335,25991),(44362,25991),(44335,25992),(44363,25992),(44335,25993),(44363,25993),(44335,25994),(44363,25994),(44335,25995),(44363,25995),(44335,25996),(44363,25996),(44335,25997),(44363,25997),(44335,25998),(44363,25998),(44335,25999),(44363,25999),(44335,26000),(44363,26000),(44335,26001),(44362,26001),(44335,26002),(44362,26002),(44335,26003),(44361,26003),(44335,26004),(44361,26004),(44335,26005),(44361,26005),(44335,26006),(44360,26006),(44335,26007),(44360,26007),(44335,26008),(44360,26008),(44335,26009),(44360,26009),(44335,26010),(44360,26010),(44336,26011),(44361,26011),(44336,26012),(44361,26012),(44336,26013),(44362,26013),(44336,26014),(44362,26014),(44336,26015),(44363,26015),(44336,26016),(44363,26016),(44336,26017),(44365,26017),(44336,26018),(44367,26018),(44336,26019),(44369,26019),(44336,26020),(44370,26020),(44336,26021),(44373,26021),(44336,26022),(44375,26022),(44336,26023),(44375,26023),(44336,26024),(44376,26024),(44336,26025),(44376,26025),(44336,26026),(44377,26026),(44336,26027),(44375,26027),(44336,26028),(44376,26028),(44336,26029),(44339,26029),(44340,26029),(44376,26029),(44336,26030),(44338,26030),(44340,26030),(44376,26030),(44336,26031),(44337,26031),(44340,26031),(44376,26031),(44336,26032),(44337,26032),(44340,26032),(44376,26032),(44336,26033),(44340,26033),(44376,26033),(44340,26034),(44376,26034),(44340,26035),(44376,26035),(44340,26036),(44376,26036),(44340,26037),(44376,26037),(44340,26038),(44376,26038),(44340,26039),(44346,26039),(44376,26039),(44340,26040),(44344,26040),(44345,26040),(44346,26040),(44376,26040),(44340,26041),(44343,26041),(44344,26041),(44346,26041),(44376,26041),(44340,26042),(44344,26042),(44346,26042),(44376,26042),(44340,26043),(44343,26043),(44346,26043),(44376,26043),(44340,26044),(44342,26044),(44346,26044),(44376,26044),(44340,26045),(44341,26045),(44346,26045),(44376,26045),(44346,26046),(44351,26046),(44376,26046),(44351,26047),(44376,26047),(44351,26048),(44376,26048),(44351,26049),(44376,26049),(44351,26050),(44376,26050),(44351,26051),(44376,26051),(44351,26052),(44376,26052),(44351,26053),(44376,26053),(44351,26054),(44376,26054),(44351,26055),(44376,26055),(44351,26056),(44376,26056),(44351,26057),(44376,26057),(44351,26058),(44376,26058),(44379,26058),(44388,26058),(44351,26059),(44389,26059),(44351,26060),(44390,26060),(44351,26061),(44391,26061),(44351,26062),(44392,26062),(44393,26062),(44395,26062),(44351,26063),(44395,26063),(44351,26064),(44396,26064),(44351,26065),(44396,26065),(44351,26066),(44396,26066),(44351,26067),(44396,26067),(44351,26068),(44396,26068),(44351,26069),(44396,26069),(44351,26070),(44396,26070),(44351,26071),(44396,26071),(44351,26072),(44396,26072),(44351,26073),(44396,26073),(44351,26074),(44396,26074),(44351,26075),(44396,26075),(44361,26076),(44396,26076),(44361,26077),(44396,26077),(44361,26078),(44396,26078),(44361,26079),(44396,26079),(44361,26080),(44396,26080),(44361,26081),(44396,26081),(44361,26082),(44396,26082),(44361,26083),(44396,26083),(44361,26084),(44396,26084),(44361,26085),(44396,26085),(44366,26086),(44396,26086),(44366,26087),(44396,26087),(44366,26088),(44396,26088),(44366,26089),(44396,26089),(44366,26090),(44396,26090),(44366,26091),(44396,26091),(44366,26092),(44396,26092),(44366,26093),(44396,26093),(44360,26094),(44396,26094),(44356,26095),(44396,26095),(44356,26096),(44396,26096),(44356,26097),(44406,26097),(44356,26098),(44406,26098),(44356,26099),(44406,26099),(44356,26100),(44406,26100),(44356,26101),(44406,26101),(44356,26102),(44406,26102),(44356,26103),(44406,26103),(44356,26104),(44406,26104),(44356,26105),(44406,26105),(44356,26106),(44406,26106),(44356,26107),(44414,26107),(44356,26108),(44414,26108),(44356,26109),(44414,26109),(44356,26110),(44414,26110),(44356,26111),(44415,26111),(44356,26112),(44415,26112),(44356,26113),(44415,26113),(44356,26114),(44415,26114),(44356,26115),(44415,26115),(44356,26116),(44416,26116),(44356,26117),(44416,26117),(44356,26118),(44416,26118),(44356,26119),(44416,26119),(44356,26120),(44416,26120),(44356,26121),(44416,26121),(44356,26122),(44416,26122),(44356,26123),(44416,26123),(44356,26124),(44416,26124),(44356,26125),(44370,26125),(44371,26125),(44415,26125),(44416,26125),(44356,26126),(44368,26126),(44371,26126),(44401,26126),(44356,26127),(44368,26127),(44371,26127),(44401,26127),(44356,26128),(44368,26128),(44371,26128),(44401,26128),(44356,26129),(44368,26129),(44371,26129),(44401,26129),(44356,26130),(44368,26130),(44371,26130),(44401,26130),(44356,26131),(44368,26131),(44371,26131),(44401,26131),(44356,26132),(44368,26132),(44389,26132),(44401,26132),(44356,26133),(44368,26133),(44393,26133),(44401,26133),(44356,26134),(44368,26134),(44393,26134),(44401,26134),(44356,26135),(44368,26135),(44393,26135),(44401,26135),(44402,26135),(44406,26135),(44407,26135),(44410,26135),(44356,26136),(44368,26136),(44393,26136),(44413,26136),(44356,26137),(44368,26137),(44393,26137),(44413,26137),(44356,26138),(44368,26138),(44393,26138),(44413,26138),(44356,26139),(44368,26139),(44393,26139),(44413,26139),(44356,26140),(44368,26140),(44393,26140),(44413,26140),(44356,26141),(44368,26141),(44393,26141),(44413,26141),(44356,26142),(44368,26142),(44393,26142),(44413,26142),(44356,26143),(44368,26143),(44393,26143),(44413,26143),(44356,26144),(44368,26144),(44393,26144),(44410,26144),(44413,26144),(44356,26145),(44368,26145),(44393,26145),(44410,26145),(44356,26146),(44368,26146),(44393,26146),(44410,26146),(44356,26147),(44368,26147),(44393,26147),(44410,26147),(44356,26148),(44368,26148),(44393,26148),(44410,26148),(44356,26149),(44368,26149),(44395,26149),(44410,26149),(44356,26150),(44368,26150),(44395,26150),(44410,26150),(44356,26151),(44368,26151),(44395,26151),(44410,26151),(44355,26152),(44363,26152),(44395,26152),(44410,26152),(44395,26153),(44410,26153),(44395,26154),(44410,26154),(44415,26154),(44395,26155),(44415,26155),(44395,26156),(44415,26156),(44382,26157),(44415,26157),(44382,26158),(44415,26158),(44382,26159),(44415,26159),(44382,26160),(44415,26160),(44382,26161),(44415,26161),(44382,26162),(44415,26162),(44382,26163),(44415,26163),(44382,26164),(44415,26164),(44382,26165),(44415,26165),(44382,26166),(44415,26166),(44382,26167),(44415,26167),(44382,26168),(44415,26168),(44382,26169),(44415,26169),(44382,26170),(44415,26170),(44382,26171),(44415,26171),(44382,26172),(44415,26172),(44382,26173),(44415,26173),(44382,26174),(44415,26174),(44382,26175),(44415,26175),(44387,26176),(44402,26176),(44387,26177),(44402,26177),(44387,26178),(44402,26178),(44387,26179),(44402,26179),(44387,26180),(44402,26180),(44387,26181),(44402,26181),(44387,26182),(44402,26182),(44384,26183),(44387,26183),(44402,26183),(44384,26184),(44402,26184),(44384,26185),(44402,26185),(44384,26186),(44402,26186),(44384,26187),(44402,26187),(44384,26188),(44402,26188),(44384,26189),(44402,26189),(44403,26189),(44410,26189),(44376,26190),(44410,26190),(44376,26191),(44410,26191),(44376,26192),(44410,26192),(44376,26193),(44410,26193),(44376,26194),(44410,26194),(44376,26195),(44410,26195),(44376,26196),(44410,26196),(44376,26197),(44410,26197),(44376,26198),(44410,26198),(44376,26199),(44410,26199),(44376,26200),(44410,26200),(44376,26201),(44410,26201),(44376,26202),(44410,26202),(44376,26203),(44410,26203),(44376,26204),(44410,26204),(44376,26205),(44410,26205),(44376,26206),(44410,26206),(44376,26207),(44410,26207),(44376,26208),(44410,26208),(44376,26209),(44410,26209),(44376,26210),(44410,26210),(44376,26211),(44410,26211),(44376,26212),(44416,26212),(44376,26213),(44416,26213),(44376,26214),(44416,26214),(44376,26215),(44416,26215),(44376,26216),(44416,26216),(44376,26217),(44416,26217),(44376,26218),(44416,26218),(44376,26219),(44416,26219),(44376,26220),(44416,26220),(44376,26221),(44420,26221),(44376,26222),(44420,26222),(44376,26223),(44420,26223),(44376,26224),(44420,26224),(44376,26225),(44420,26225),(44376,26226),(44420,26226),(44376,26227),(44420,26227),(44376,26228),(44420,26228),(44376,26229),(44420,26229),(44376,26230),(44420,26230),(44371,26231),(44420,26231),(44371,26232),(44420,26232),(44371,26233),(44395,26233),(44396,26233),(44420,26233),(44371,26234),(44395,26234),(44401,26234),(44420,26234),(44371,26235),(44395,26235),(44401,26235),(44420,26235),(44371,26236),(44395,26236),(44401,26236),(44420,26236),(44371,26237),(44395,26237),(44401,26237),(44420,26237),(44371,26238),(44395,26238),(44401,26238),(44415,26238),(44420,26238),(44371,26239),(44395,26239),(44401,26239),(44415,26239),(44371,26240),(44392,26240),(44400,26240),(44415,26240),(44371,26241),(44386,26241),(44400,26241),(44415,26241),(44371,26242),(44386,26242),(44400,26242),(44415,26242),(44371,26243),(44386,26243),(44400,26243),(44415,26243),(44371,26244),(44386,26244),(44400,26244),(44415,26244),(44371,26245),(44386,26245),(44400,26245),(44415,26245),(44371,26246),(44386,26246),(44400,26246),(44415,26246),(44371,26247),(44386,26247),(44400,26247),(44415,26247),(44371,26248),(44386,26248),(44400,26248),(44402,26248),(44371,26249),(44386,26249),(44371,26250),(44386,26250),(44371,26251),(44386,26251),(44371,26252),(44386,26252),(44371,26253),(44386,26253),(44371,26254),(44386,26254),(44371,26255),(44386,26255),(44371,26256),(44386,26256),(44371,26257),(44386,26257),(44377,26258),(44386,26258),(44377,26259),(44386,26259),(44377,26260),(44386,26260),(44377,26261),(44386,26261),(44377,26262),(44386,26262),(44377,26263),(44386,26263),(44377,26264),(44386,26264),(44377,26265),(44386,26265),(44377,26266),(44380,26266),(44377,26267),(44380,26267),(44377,26268),(44380,26268),(44377,26269),(44380,26269),(44377,26270),(44380,26270),(44377,26271),(44381,26271),(44377,26272),(44381,26272),(44374,26273),(44381,26273),(44374,26274),(44381,26274),(44374,26275),(44381,26275),(44374,26276),(44381,26276),(44374,26277),(44381,26277),(44366,26278),(44381,26278),(44366,26279),(44381,26279),(44366,26280),(44381,26280),(44366,26281),(44381,26281),(44366,26282),(44381,26282),(44366,26283),(44381,26283),(44366,26284),(44381,26284),(44366,26285),(44381,26285),(44366,26286),(44381,26286),(44366,26287),(44381,26287),(44366,26288),(44381,26288),(44366,26289),(44381,26289),(44366,26290),(44381,26290),
Rasterized and intervalized in 0.001692 seconds.
